1181 
1182 
1176 
1174 
1175 
1176 
1183 
1181 
1142 
1027 
927 
844 
798 
714 
606 
443 
340 
232 
104 
0 
0 
0 
0 
0 
0 
149 
338 
528 
745 
807 
972 
1300 
1519 
1654 
1666 
1660 
1660 
1661 
1660 
1663 
1661 
1661 
1662 
1629 
1455 
1215 
975 
757 
524 
160 
0 
0 
0 
0 
0 
0 
0 
0 
0 
0 
0 
140 
448 
894 
1366 
1870 
2254 
2482 
2731 
2813 
2816 
2865 
3246 
3513 
3668 
4092 
4093 
4093 
4093 
4094 
4094 
4093 
4093 
4093 
4094 
4093 
4093 
4093 
4093 
4094 
4094 
4093 
4093 
4093 
4094 
4040 
3743 
3588 
3271 
2756 
2695 
2679 
2676 
2676 
2676 
2676 
2676 
2677 
2672 
2674 
2673 
2683 
2694 
2492 
2061 
1772 
1763 
1764 
1763 
1763 
1763 
1763 
1763 
1762 
1764 
1764 
1760 
1593 
1204 
861 
862 
865 
865 
865 
865 
866 
868 
866 
1019 
1351 
1700 
2156 
2432 
2723 
2862 
2900 
2906 
