2.1403663003663 2.2169230769230768 29 29 
2.1677655677655676 2.2096703296703297 29 29 
2.2265934065934063 2.316849816849817 29 29 
2.1548717948717946 2.2169230769230768 28 29 
2.2064468864468862 2.2136996336996337 29 29 
2.162124542124542 2.2008058608058607 28 29 
2.378901098901099 2.249157509157509 28 29 
2.1758241758241756 2.237069597069597 29 29 
2.156483516483516 2.2193406593406593 29 29 
2.2193406593406593 2.2741391941391944 29 29 
2.1895238095238096 2.207252747252747 29 29 
2.1637362637362636 2.2185347985347983 29 29 
2.1597069597069596 2.2048351648351647 29 29 
2.1766300366300366 2.2185347985347983 30 29 
2.1653479853479856 2.2096703296703297 33 29 
2.162124542124542 2.233040293040293 29 29 
2.186300366300366 2.2169230769230768 28 30 
2.3458608058608057 2.2556043956043954 28 30 
2.1613186813186815 2.2233699633699633 4 30 
2.1153846153846154 2.2201465201465203 4 30 
2.1629304029304026 2.2265934065934063 4 29 
2.2056410256410257 2.2934798534798535 3 29 
2.1774358974358976 2.238681318681319 3 30 
2.266886446886447 2.257216117216117 3 30 
2.166153846153846 2.2322344322344323 3 29 
2.1750183150183147 2.2104761904761903 4 29 
2.1766300366300366 2.220952380952381 3 30 
2.1975824175824177 2.207252747252747 3 30 
2.2032234432234428 2.2975091575091575 3 30 
2.1717948717948716 2.2153113553113553 3 30 
2.166153846153846 2.2128937728937728 4 30 
2.166153846153846 2.237069597069597 4 29 
2.1395604395604395 2.34021978021978 4 29 
2.2120879120879122 2.345054945054945 4 29 
2.195970695970696 2.242710622710623 4 29 
2.394212454212454 2.249157509157509 4 29 
2.0775091575091573 2.2120879120879122 3 29 
2.2233699633699633 2.2088644688644687 3 29 
2.1653479853479856 2.2169230769230768 3 29 
2.1613186813186815 2.2096703296703297 4 29 
1.8430036630036628 2.277362637362637 5 29 
2.2145054945054943 2.2104761904761903 5 29 
2.1766300366300366 2.2048351648351647 7 29 
2.1589010989010986 2.1854945054945056 8 29 
2.187912087912088 2.2016117216117217 11 29 
2.1758241758241756 2.2169230769230768 13 30 
2.1548717948717946 2.208058608058608 15 30 
2.3845421245421243 2.2475457875457874 15 29 
2.1717948717948716 2.245934065934066 17 29 
2.1637362637362636 2.2153113553113553 18 29 
2.1798534798534797 2.2016117216117217 20 29 
2.1597069597069596 2.2120879120879122 22 29 
2.2265934065934063 2.299120879120879 25 29 
2.2636630036630034 2.1830769230769227 28 29 
2.1677655677655676 2.2088644688644687 29 29 
2.1871062271062267 2.208058608058608 29 29 
2.3426373626373627 2.2104761904761903 29 29 
2.2128937728937728 2.3095970695970696 28 29 
2.1653479853479856 2.2104761904761903 29 29 
2.1685714285714286 2.2161172161172162 29 29 
2.1693772893772896 2.208058608058608 29 29 
2.162124542124542 2.225787545787546 29 29 
2.1645421245421246 2.2241758241758243 29 29 
2.1653479853479856 2.2096703296703297 29 29 
2.1709890109890106 2.204029304029304 28 29 
2.1685714285714286 2.2169230769230768 975 29 
2.156483516483516 2.2161172161172162 28 29 
2.1734065934065936 2.220952380952381 29 29 
2.1677655677655676 2.2088644688644687 28 29 
2.1854945054945056 2.316849816849817 28 29 
2.1677655677655676 2.2104761904761903 29 29 
2.1734065934065936 2.2088644688644687 29 29 
2.1669597069597066 2.2096703296703297 28 29 
2.1645421245421246 2.2282051282051283 29 29 
2.2048351648351647 2.299120879120879 28 29 
2.1814652014652016 2.285421245421245 29 29 
2.17018315018315 2.1693772893772896 28 29 
2.1669597069597066 2.2145054945054943 29 780 
2.174212454212454 2.2096703296703297 29 29 
2.178241758241758 2.2104761904761903 28 29 
2.352307692307692 2.2515750915750914 29 29 
2.1854945054945056 2.3136263736263736 29 29 
2.1629304029304026 2.2177289377289378 29 29 
2.1758241758241756 2.2088644688644687 28 29 
2.1653479853479856 2.2120879120879122 29 29 
2.1806593406593406 2.1927472527472527 29 29 
2.3007326007326006 2.2475457875457874 28 29 
2.1532600732600735 2.2032234432234428 29 29 
2.1758241758241756 2.1935531135531137 29 29 
2.1798534798534797 2.1975824175824177 29 29 
2.187912087912088 2.198388278388278 28 29 
2.117802197802198 2.1766300366300366 29 29 
2.1629304029304026 2.207252747252747 30 29 
2.249157509157509 2.2048351648351647 29 29 
2.1806593406593406 2.2185347985347983 29 29 
2.242710622710623 2.2104761904761903 30 29 
2.3539194139194137 2.249157509157509 29 29 
2.1709890109890106 2.225787545787546 29 29 
2.1685714285714286 2.3515018315018312 30 29 
2.1645421245421246 2.2233699633699633 30 29 
2.1854945054945056 2.2153113553113553 29 29 
2.0460805860805857 2.15003663003663 29 29 
2.1669597069597066 2.2282051282051283 29 29 
2.182271062271062 2.2918681318681315 30 29 
2.1758241758241756 2.2088644688644687 29 29 
2.17018315018315 2.2024175824175822 29 29 
2.1935531135531137 2.208058608058608 29 29 
2.1726007326007326 2.2185347985347983 29 29 
2.2394871794871793 2.3515018315018312 29 29 
2.1750183150183147 2.2064468864468862 29 29 
2.1548717948717946 2.207252747252747 28 29 
2.1669597069597066 2.1758241758241756 29 29 
2.162124542124542 2.2136996336996337 29 29 
2.229010989010989 2.2983150183150185 29 29 
2.1395604395604395 2.2402930402930403 29 29 
2.1492307692307695 2.2233699633699633 29 29 
2.15003663003663 2.2016117216117217 29 29 
2.158095238095238 2.2104761904761903 29 29 
2.3426373626373627 2.2596336996336994 29 29 
2.1846886446886447 2.2273992673992673 29 29 
2.2104761904761903 2.2797802197802195 30 29 
2.1709890109890106 2.2096703296703297 28 29 
2.1677655677655676 2.2064468864468862 29 29 
2.1597069597069596 2.2201465201465203 29 29 
2.166153846153846 2.207252747252747 29 29 
2.2008058608058607 2.3104029304029305 29 29 
2.1629304029304026 2.2153113553113553 28 29 
2.1645421245421246 2.2 29 29 
2.1750183150183147 2.208058608058608 29 29 
2.1685714285714286 2.2161172161172162 29 29 
